date,product_id,product_name,brand_name,original_price,final_price,discount_rate,trending,sold_count,viewing,purchasing,review_count,review_score,product_url,image_url,rank
202411290537,4593750,TNT X TIMBERLAND 목토 GTX 미드,팀버랜드,268000,268000,0,1,,856,72,0,0.0,https://www.musinsa.com/products/4593750,https://image.msscdn.net/images/goods_img/20241106/4593750/4593750_17313061348352_500.jpg,1
202411290537,4328804,에샤페 초코(1XM02361H200),휠라,109000,109000,0,0,3000.0,1000,130,299,98.0,https://www.musinsa.com/products/4328804,https://image.msscdn.net/images/goods_img/20240814/4328804/4328804_17235999287287_500.jpg,2
202411290537,4286631,NJ3NQ53A 남성 눕시 온볼 자켓_BLACK,노스페이스,249000,224100,10,0,5000.0,13000,94,327,98.0,https://www.musinsa.com/products/4286631,https://image.msscdn.net/images/goods_img/20240731/4286631/4286631_17224141698600_500.jpg,3
202411290537,4619625,PERTEX® T Down Jacket,디스이즈네버댓,239000,167300,30,0,5200.0,12000,93,659,98.0,https://www.musinsa.com/products/4619625,https://image.msscdn.net/images/goods_img/20241118/4619625/4619625_17325150727575_500.jpg,4
202411290537,4270193,[무신사 단독패키지] 24년 8월 신상품 에어젯 울트라 프로 전문가용 1700W 터보 항공모터 헤어 드라이기,제이엠더블유,159000,78000,51,0,5900.0,905,80,916,98.0,https://www.musinsa.com/products/4270193,https://image.msscdn.net/images/goods_img/20240724/4270193/4270193_17267260352510_500.jpg,5
202411290537,4626179,X TC 아이젠하워 재킷  - Denim Black,디키즈,682000,682000,0,0,,48,0,0,0.0,https://www.musinsa.com/products/4626179,https://image.msscdn.net/images/goods_img/20241120/4626179/4626179_17321720322471_500.jpg,6
202411290537,4635627,NBRJEF040B / SD7988BK (BLACK),뉴발란스,109000,109000,0,0,,577,71,0,0.0,https://www.musinsa.com/products/4635627,https://image.msscdn.net/images/goods_img/20241126/4635627/4635627_17325840030163_500.jpg,7
202411290537,4509977,반폴라 세미 오버핏 모크넥 니트 [블랙],워크온바디오프,33000,14850,55,1,,12000,244,216,96.0,https://www.musinsa.com/products/4509977,https://image.msscdn.net/images/goods_img/20241011/4509977/4509977_17289702809308_500.jpg,8
202411290537,4507921,NBNPE4W102 / WOMEN 액티브 숏 구스다운 (6컬러),뉴발란스,299000,299000,0,0,1300.0,756,57,75,98.0,https://www.musinsa.com/products/4507921,https://image.msscdn.net/images/goods_img/20241011/4507921/4507921_17309514460618_500.jpg,9
202411290537,4558266,[5PACK]립 릴리프 크림 립밤,블리스텍스,30000,10000,67,0,1800.0,11000,563,0,0.0,https://www.musinsa.com/products/4558266,https://image.msscdn.net/images/goods_img/20241025/4558266/4558266_17307804671297_500.jpg,10
202411290537,4531994,베이직 패딩,스파오,69900,54522,22,1,,12000,106,52,96.0,https://www.musinsa.com/products/4531994,https://image.msscdn.net/images/goods_img/20241018/4531994/4531994_17326046794834_500.jpg,11
202411290537,4435752,바이오제닉 에센스 블렌디드 포뮬러 50% 100ml,세포랩,46000,29900,35,1,,510,138,4,96.0,https://www.musinsa.com/products/4435752,https://image.msscdn.net/images/goods_img/20240912/4435752/4435752_17314854003466_500.jpg,12
202411290537,4327173,NC1DQ50J 화이트라벨 액션 프리 RDS 다운 코트_BLACK,노스페이스,358000,358000,0,0,2000.0,345,0,121,98.0,https://www.musinsa.com/products/4327173,https://image.msscdn.net/images/goods_img/20240813/4327173/4327173_17235381048878_500.jpg,13
202411290537,4349548,심볼 로고 풋볼 저지,제이엘브,98000,22000,78,0,12000.0,829,232,570,98.0,https://www.musinsa.com/products/4349548,https://image.msscdn.net/images/goods_img/20240820/4349548/4349548_17242015035083_500.jpg,14
202411290537,4605203,SKADI DUCK DOWN - GLOSSY BLACK,노매뉴얼,249000,159360,36,0,2000.0,524,40,105,98.0,https://www.musinsa.com/products/4605203,https://image.msscdn.net/images/goods_img/20241112/4605203/4605203_17313716773417_500.jpg,15
202411290537,4403731,코스에그 자수 투웨이 니트집업 가디건,프렌치시크,29800,17880,40,0,23000.0,15000,367,2333,96.0,https://www.musinsa.com/products/4403731,https://image.msscdn.net/images/goods_img/20240904/4403731/4403731_17256178800641_500.jpg,16
202411290537,4326536,[기모선택] VLAD 컷오프 아플리케 후드 티셔츠_차콜,디미트리블랙,49900,28500,43,0,10000.0,12000,136,446,94.0,https://www.musinsa.com/products/4326536,https://image.msscdn.net/images/goods_img/20240813/4326536/4326536_17314733847728_500.jpg,17
202411290537,4541879,[WOMEN] 인/아웃 푸퍼 니트 커프 부츠 - 화이트윌로우 WFS2265RENWWG,헌터,199000,189050,5,0,,458,0,1,100.0,https://www.musinsa.com/products/4541879,https://image.msscdn.net/images/goods_img/20241022/4541879/4541879_17319086397110_500.jpg,18
202411290537,4377101,에센셜 스킨 누더 쿠션 더블 기획 (본품2개+리필2개)(쿠션 퍼프 4개입 정품 증정),정샘물,90000,69300,23,0,,226,46,40,98.0,https://www.musinsa.com/products/4377101,https://image.msscdn.net/images/goods_img/20240828/4377101/4377101_17321749716699_500.jpg,19
202411290537,4187469,셀렉스 프로핏 밀크프로틴 드링크 모카초콜릿 250ml x 18개,셀렉스,52200,25800,51,0,13000.0,378,130,2990,98.0,https://www.musinsa.com/products/4187469,https://image.msscdn.net/images/goods_img/20240610/4187469/4187469_17256091786020_500.jpg,20
202411290537,4480309,울 자카드 후드 더플 니트_3COLOR,라퍼지스토어,99000,54000,45,0,5500.0,15000,97,168,92.0,https://www.musinsa.com/products/4480309,https://image.msscdn.net/images/goods_img/20241002/4480309/4480309_17322598287749_500.jpg,21
202411290537,3669072,[2PACK] Tompkins® Loopwheeled Tubular Tee,브론슨,86000,51600,40,0,4100.0,437,86,37,98.0,https://www.musinsa.com/products/3669072,https://image.msscdn.net/images/goods_img/20231030/3669072/3669072_17316532373253_500.jpg,22
202411290537,4128817,mini ver. flap backpack _ black,마스마룰즈,48000,29000,40,0,31000.0,770,127,4485,98.0,https://www.musinsa.com/products/4128817,https://image.msscdn.net/images/goods_img/20240514/4128817/4128817_17322538288136_500.jpg,23
202411290537,4457147,NEW ORIGINAL WINTER BOOTS SHORT(6inch) - 5 colors,락피쉬웨더웨어,110000,85900,22,0,1600.0,303,59,80,98.0,https://www.musinsa.com/products/4457147,https://image.msscdn.net/images/goods_img/20240924/4457147/4457147_17303407825355_500.jpg,24
202411290537,4483087,[WOOL 80] (우먼) 울 세미오버핏 발마칸 로브코트_블랙,키뮤어,259000,146970,43,0,,361,34,13,96.0,https://www.musinsa.com/products/4483087,https://image.msscdn.net/images/goods_img/20241002/4483087/4483087_17285208897559_500.jpg,25
202411290537,4483613,TCM starfish sweat pants (grey),더콜디스트모먼트,98000,78400,20,0,1400.0,282,42,79,98.0,https://www.musinsa.com/products/4483613,https://image.msscdn.net/images/goods_img/20241002/4483613/4483613_17306793467842_500.jpg,26
202411290537,4241903,NJ1DQ80J 화이트라벨 여성 노벨티 눕시 RDS 다운 자켓_BLACK,노스페이스,368000,368000,0,0,2100.0,693,0,104,98.0,https://www.musinsa.com/products/4241903,https://image.msscdn.net/images/goods_img/20240710/4241903/4241903_17205861184905_500.jpg,27
202411290537,4507335,핸드볼 스페지알 - 원더베이지:블랙 / IE3698,아디다스,139000,139000,0,0,7700.0,454,0,433,98.0,https://www.musinsa.com/products/4507335,https://image.msscdn.net/images/goods_img/20241011/4507335/4507335_17290688084134_500.jpg,28
202411290537,4515471,유니온 빅 오버 패딩 파카_2COLOR,라퍼지스토어,160000,87900,45,0,2600.0,715,48,47,96.0,https://www.musinsa.com/products/4515471,https://image.msscdn.net/images/goods_img/20241014/4515471/4515471_17322596957045_500.jpg,29
202411290537,4187568,프로핏 밀크프로틴 드링크 밀크바닐라 250ml x 18개,셀렉스,52200,25800,51,1,,158,90,2297,98.0,https://www.musinsa.com/products/4187568,https://image.msscdn.net/images/goods_img/20240610/4187568/4187568_17256091491982_500.jpg,30
202411290537,4274049,빈티지 캣워싱 와이드 데님 팬츠 [옐로우 워싱],리메인세컨드,43500,24800,43,0,17000.0,957,126,1123,96.0,https://www.musinsa.com/products/4274049,https://image.msscdn.net/images/goods_img/20240725/4274049/4274049_17255031720695_500.jpg,31
202411290537,4421530,에센셜 헤어리 라운드 니트_차콜 그레이,디미트리블랙,55000,22900,58,1,,13000,127,142,96.0,https://www.musinsa.com/products/4421530,https://image.msscdn.net/images/goods_img/20240909/4421530/4421530_17268220223163_500.jpg,32
202411290537,4452115,스탠드 칼라 넥 다운 푸퍼 (블랙),쿠어,283000,254700,10,0,1400.0,386,0,142,98.0,https://www.musinsa.com/products/4452115,https://image.msscdn.net/images/goods_img/20240923/4452115/4452115_17271922557124_500.jpg,33
202411290537,4358823,1792 OLD SOUL JEANS [WIDE STRAIGHT],브랜디드,103000,66950,35,1,,290,37,260,98.0,https://www.musinsa.com/products/4358823,https://image.msscdn.net/images/goods_img/20240822/4358823/4358823_17246592654166_500.jpg,34
202411290537,4268814,오드퍼퓸 월넛크릭그린  EDP 50ml,비비앙,150000,79900,47,0,9500.0,156,31,1665,98.0,https://www.musinsa.com/products/4268814,https://image.msscdn.net/images/goods_img/20240723/4268814/4268814_17217853638099_500.jpg,35
202411290537,4202772,클래식 울트라 미니 플랫폼 W - 샌드 / 1135092SAN,어그,268000,268000,0,0,,318,0,5,100.0,https://www.musinsa.com/products/4202772,https://image.msscdn.net/images/goods_img/20240618/4202772/4202772_17186881498392_500.jpg,36
202411290537,4483611,TCM starfish sweat pants (black),더콜디스트모먼트,98000,78400,20,0,1700.0,480,35,92,96.0,https://www.musinsa.com/products/4483611,https://image.msscdn.net/images/goods_img/20241002/4483611/4483611_17306794095498_500.jpg,37
202411290537,4431428,[EUROPEAN GOOSE] 그레이쉬카키 오버핏 코듀로이 구스다운 점퍼 (TNJU4F204K2),티엔지티,269000,228650,15,0,,150,0,5,92.0,https://www.musinsa.com/products/4431428,https://image.msscdn.net/images/goods_img/20240911/4431428/4431428_17260337979956_500.jpg,38
202411290537,4529877,시그니처 체크 머플러 (34컬러),무센트,42900,25260,41,0,7200.0,985,86,80,88.0,https://www.musinsa.com/products/4529877,https://image.msscdn.net/images/goods_img/20241017/4529877/4529877_17292358530291_500.jpg,39
202411290537,4308187,[기모선택] VLAD 원턱 피그먼트 페이드 워싱 스웻 팬츠_블랙,디미트리블랙,46900,23900,49,0,5500.0,561,87,364,98.0,https://www.musinsa.com/products/4308187,https://image.msscdn.net/images/goods_img/20240808/4308187/4308187_17240877729234_500.jpg,40
202411290537,4626196,X TC 크로스 스티치 더블니 팬츠 - Black,디키즈,614000,614000,0,0,,33,0,0,0.0,https://www.musinsa.com/products/4626196,https://image.msscdn.net/images/goods_img/20241120/4626196/4626196_17321737306194_500.jpg,41
202411290537,4581760,EUROPEAN GOOSE 벌룬핏 구스다운 점퍼 (3 Color),티엔지티,259000,181300,30,0,,310,0,13,98.0,https://www.musinsa.com/products/4581760,https://image.msscdn.net/images/goods_img/20241101/4581760/4581760_17327548332459_500.jpg,42
202411290537,4513328,마야 70 패딩 - 블랙 / J20931A0016954A81999,몽클레어,3030000,2304000,24,0,,24,0,1,100.0,https://www.musinsa.com/products/4513328,https://image.msscdn.net/images/goods_img/20241014/4513328/4513328_17301636917901_500.jpg,43
202411290537,4164429,빈티지 프론트 워싱 와이드 청바지 데님 팬츠,언탭트 스튜디오,53800,26900,50,0,11000.0,565,86,974,96.0,https://www.musinsa.com/products/4164429,https://image.msscdn.net/images/goods_img/20240529/4164429/4164429_17201609421486_500.jpg,44
202411290537,4319523,카펜터 퍼티그 워크 코튼 팬츠 (SAND GREY),토피,59000,29500,50,0,3000.0,540,63,258,96.0,https://www.musinsa.com/products/4319523,https://image.msscdn.net/images/goods_img/20240812/4319523/4319523_17242056584363_500.jpg,45
202411290537,4435593,아이보리 캐시미어 블렌드 핸드메이드 발마칸코트 (JNCO4D027I1),질스튜어트뉴욕 맨,1290000,1096500,15,0,,17,0,1,100.0,https://www.musinsa.com/products/4435593,https://image.msscdn.net/images/goods_img/20240912/4435593/4435593_17288908745294_500.jpg,46
202411290537,4452183,(EDITION) 아디스타 XLG SMU - 트리플블랙 / JH8828,아디다스,139000,68990,50,0,,363,35,38,94.0,https://www.musinsa.com/products/4452183,https://image.msscdn.net/images/goods_img/20240923/4452183/4452183_17280224887549_500.jpg,47
202411290537,4241964,베이직 롱패딩_SPJPE4VC14,스파오,99900,79000,21,0,1500.0,135,33,107,98.0,https://www.musinsa.com/products/4241964,https://image.msscdn.net/images/goods_img/20240710/4241964/4241964_17219519272422_500.jpg,48
202411290537,4496170,핸드볼 스페지알  - 원더베이지 / IE3699,아디다스,139000,75990,45,0,1300.0,282,31,33,96.0,https://www.musinsa.com/products/4496170,https://image.msscdn.net/images/goods_img/20241008/4496170/4496170_17291281180709_500.jpg,49
202411290537,4266425,헤비 웰론 배색 후드 숏 패딩_4color,어반디타입,109000,49900,54,0,1400.0,437,46,46,96.0,https://www.musinsa.com/products/4266425,https://image.msscdn.net/images/goods_img/20240722/4266425/4266425_17322510572090_500.jpg,50
202411290537,4209578,미니멀 후디드 다운 숏 패딩 재킷 [다크 그레이],무신사 스탠다드,169900,144390,15,0,,381,0,22,92.0,https://www.musinsa.com/products/4209578,https://image.msscdn.net/images/goods_img/20240620/4209578/4209578_17296475688188_500.jpg,51
202411290537,4285909,오버핏 케이블 라운드 니트 5COLOR,언탭트 스튜디오,49957,24900,50,0,18000.0,11000,187,970,96.0,https://www.musinsa.com/products/4285909,https://image.msscdn.net/images/goods_img/20240731/4285909/4285909_17247442451593_500.jpg,52
202411290537,4264704,덩크 로우 SE M - 팬텀:검 라이트 브라운:코코넛 밀크:말라카이트 / HQ1519-030,나이키,159000,79500,50,0,,421,0,7,98.0,https://www.musinsa.com/products/4264704,https://image.msscdn.net/images/goods_img/20240722/4264704/4264704_17224031156689_500.jpg,53
202411290537,4475742,크리에이터 LD 다운 푸퍼 자켓 블랙,엘무드,328000,196800,40,0,,60,0,7,100.0,https://www.musinsa.com/products/4475742,https://image.msscdn.net/images/goods_img/20240930/4475742/4475742_17278411728926_500.jpg,54
202411290537,4356158,시그니처 스웨이드 타스만 슬리퍼 (타스만) W- 샌 /다크체리 / 5955SNDD,어그,178000,178000,0,0,,251,0,33,98.0,https://www.musinsa.com/products/4356158,https://image.msscdn.net/images/goods_img/20240822/4356158/4356158_17247478055531_500.jpg,55
202411290537,4318146,미니 마테라쎄 나파 가죽 숄더백 - 블랙 / 5BP065N88F0002,미우미우,2850000,1959990,31,0,,0,0,2,100.0,https://www.musinsa.com/products/4318146,https://image.msscdn.net/images/goods_img/20240812/4318146/4318146_17247439066489_500.jpg,56
202411290537,4531315,랜더 패딩 부츠 V2 (S24WUFBS70) Black,스노우피크 어패럴,199000,189050,5,0,,188,0,9,100.0,https://www.musinsa.com/products/4531315,https://image.msscdn.net/images/goods_img/20241017/4531315/4531315_17327684835543_500.jpg,57
202411290537,4492190,클래식 어그 부츠 COOSAC025,커스텀어클락,69000,32400,53,0,,341,58,10,98.0,https://www.musinsa.com/products/4492190,https://image.msscdn.net/images/goods_img/20241007/4492190/4492190_17326141300373_500.jpg,58
202411290537,4297621,데일리 푸퍼 칼라리스 패딩 재킷 [블랙],무신사 스탠다드,59900,35890,40,0,1400.0,263,41,104,98.0,https://www.musinsa.com/products/4297621,https://image.msscdn.net/images/goods_img/20240805/4297621/4297621_17286226739350_500.jpg,59
202411290537,4548931,NJ1DQ85K 화이트라벨 여성 노벨티 눕시 RDS 다운 자켓_WHITE,노스페이스,368000,368000,0,0,,151,0,7,98.0,https://www.musinsa.com/products/4548931,https://image.msscdn.net/images/goods_img/20241023/4548931/4548931_17316344320696_500.jpg,60
202411290537,4287472,NS93Q61A 눕시 뮬_BLACK,노스페이스,89000,75640,15,0,2300.0,404,32,145,98.0,https://www.musinsa.com/products/4287472,https://image.msscdn.net/images/goods_img/20240801/4287472/4287472_17301663336891_500.jpg,61
202411290537,4421919,XT-패스웨이 2 무신사 에디션 - 브라운:블랙:블랙 / L47788000,살로몬,195000,175990,10,0,,293,0,18,100.0,https://www.musinsa.com/products/4421919,https://image.msscdn.net/images/goods_img/20240909/4421919/4421919_17290460603834_500.jpg,62
202411290537,4454885,에센셜 시티 크롭 패딩 점퍼_4COLORS,시티브리즈 우먼,169000,59150,65,0,1200.0,816,38,29,98.0,https://www.musinsa.com/products/4454885,https://image.msscdn.net/images/goods_img/20240923/4454885/4454885_17319110991538_500.jpg,63
202411290537,4457974,우먼 크롭 숏 다운 블랙,리,219000,175000,20,0,1000.0,123,0,126,98.0,https://www.musinsa.com/products/4457974,https://image.msscdn.net/images/goods_img/20240924/4457974/4457974_17297326437138_500.jpg,64
202411290537,4424968,오버사이즈 라인 무스탕 자켓 [BLACK],드로우핏,209000,135850,35,0,1000.0,210,0,58,96.0,https://www.musinsa.com/products/4424968,https://image.msscdn.net/images/goods_img/20240910/4424968/4424968_17261323393607_500.jpg,65
202411290537,4457231,NEW ORIGINAL WINTER FUR MULES - 7 colors,락피쉬웨더웨어,66000,49500,25,0,5700.0,1000,78,208,96.0,https://www.musinsa.com/products/4457231,https://image.msscdn.net/images/goods_img/20240924/4457231/4457231_17273132962054_500.jpg,66
202411290537,4397034,GNRL 에센셜 가디건 [2PACK] / WBD3L04503,제너럴아이디어,170000,52800,69,0,1800.0,232,36,236,98.0,https://www.musinsa.com/products/4397034,https://image.msscdn.net/images/goods_img/20240903/4397034/4397034_17253315182425_500.jpg,67
202411290537,4293032,TCM starfish chino pants (black),더콜디스트모먼트,109000,92650,15,0,3100.0,162,0,347,98.0,https://www.musinsa.com/products/4293032,https://image.msscdn.net/images/goods_img/20240802/4293032/4293032_17231900851488_500.jpg,68
202411290537,4572582,24FW 폭스퍼 야상 롱 구스다운 코트,더엣지,319000,257000,19,0,,166,0,2,100.0,https://www.musinsa.com/products/4572582,https://image.msscdn.net/images/goods_img/20241030/4572582/4572582_17302622680075_500.jpg,69
202411290537,4422025,팔레르모 OG - 레드:웜화이트 / 383011-13,푸마,149000,81990,45,0,1800.0,158,0,101,98.0,https://www.musinsa.com/products/4422025,https://image.msscdn.net/images/goods_img/20240909/4422025/4422025_17261165172266_500.jpg,70
202411290537,4469328,24FW RDS 씨빅 오리진 숏 푸퍼 블랙,커버낫,219000,171900,22,0,1300.0,176,0,49,96.0,https://www.musinsa.com/products/4469328,https://image.msscdn.net/images/goods_img/20240926/4469328/4469328_17274089621179_500.jpg,71
202411290537,4280400,DIVISION HOODED DUCK DOWN - GLOSSY BLACK,노매뉴얼,229000,155720,32,0,,223,0,11,96.0,https://www.musinsa.com/products/4280400,https://image.msscdn.net/images/goods_img/20240729/4280400/4280400_17231671740024_500.jpg,72
202411290537,4374891,UNIFORM Field Boots Beige,로스트가든,255000,153000,40,0,,150,0,189,98.0,https://www.musinsa.com/products/4374891,https://image.msscdn.net/images/goods_img/20240827/4374891/4374891_17268131370968_500.jpg,73
202411290537,4444583,팔레르모 빈티지 -카라멜라떼-바닐라 / 396841-02,푸마,119000,59990,50,0,1800.0,276,31,85,98.0,https://www.musinsa.com/products/4444583,https://image.msscdn.net/images/goods_img/20240919/4444583/4444583_17271432837274_500.jpg,74
202411290537,4322112,남성 마이크로 스트레치 로우라이즈 트렁크 3PK_NB2569Q7E,캘빈클라인 언더웨어,89000,43200,51,0,,195,38,55,96.0,https://www.musinsa.com/products/4322112,https://image.msscdn.net/images/goods_img/20240812/4322112/4322112_17268074377620_500.jpg,75
202411290537,4548969,NJ1DQ86J 화이트라벨 여성 노벨티 눕시 디테쳐블 다운 자켓 (RDS)_BLACK,노스페이스,408000,408000,0,0,,108,0,4,100.0,https://www.musinsa.com/products/4548969,https://image.msscdn.net/images/goods_img/20241023/4548969/4548969_17326088948671_500.jpg,76
202411290537,4593751,TNT X TIMBERLAND 헤리티지 집업 스웨트 셔츠,팀버랜드,158000,158000,0,0,,124,0,0,0.0,https://www.musinsa.com/products/4593751,https://image.msscdn.net/images/goods_img/20241106/4593751/4593751_17313061078144_500.jpg,77
202411290537,4518081,NJ1DQ52A 남성 펠릭스 RDS 다운 자켓_BLACK,노스페이스,439000,395090,10,0,,82,0,28,98.0,https://www.musinsa.com/products/4518081,https://image.msscdn.net/images/goods_img/20241015/4518081/4518081_17325991631767_500.jpg,78
202411290537,4313141,남녀공용 CKJ 모노그램 엠브로이더리 볼캡 4G5040GUB1,캘빈클라인 진,69000,32090,53,0,,37,46,17,98.0,https://www.musinsa.com/products/4313141,https://image.msscdn.net/images/goods_img/20240809/4313141/4313141_17285243407314_500.jpg,79
202411290537,4474775,[Fly Fishing Club] Waxed ripstop down parka_AZUCW24200NYX,헨리코튼,870000,783000,10,0,,79,0,16,100.0,https://www.musinsa.com/products/4474775,https://image.msscdn.net/images/goods_img/20240930/4474775/4474775_17276568732828_500.jpg,80
202411290537,4410068,NJ1DQ79A 슈퍼플렉스 눕시 다운 자켓 (RDS)_BLACK,노스페이스,429000,386100,10,0,,115,0,37,98.0,https://www.musinsa.com/products/4410068,https://image.msscdn.net/images/goods_img/20240905/4410068/4410068_17255188788014_500.jpg,81
202411290537,4470740,예티 푸퍼 덕다운 패딩 : 4컬러,인템포무드,254000,152400,40,0,,421,0,58,96.0,https://www.musinsa.com/products/4470740,https://image.msscdn.net/images/goods_img/20240927/4470740/4470740_17328399827267_500.jpg,82
202411290537,4293047,TCM starfish chino pants (brown),더콜디스트모먼트,109000,92650,15,0,3800.0,216,0,391,96.0,https://www.musinsa.com/products/4293047,https://image.msscdn.net/images/goods_img/20240802/4293047/4293047_17231900499261_500.jpg,83
202411290537,4626193,X TC 874 데님 팬츠 - Blue,디키즈,506000,506000,0,0,,16,0,0,0.0,https://www.musinsa.com/products/4626193,https://image.msscdn.net/images/goods_img/20241120/4626193/4626193_17321736830673_500.jpg,84
202411290537,4312154,에센셜 라운드 니트 가디건_7COLOR,라퍼지스토어,53400,35900,33,1,,230,35,1008,98.0,https://www.musinsa.com/products/4312154,https://image.msscdn.net/images/goods_img/20240808/4312154/4312154_17261879594442_500.jpg,85
202411290537,4546104,P-6000 M - 메탈릭 실버:세일:블랙:메탈릭 실버 / CN0149-001,나이키,129000,129000,0,1,,83,0,82,98.0,https://www.musinsa.com/products/4546104,https://image.msscdn.net/images/goods_img/20241023/4546104/4546104_17302454167050_500.jpg,86
202411290537,4550090,WINTER FUR SLIPPERS - 4 colors,락피쉬웨더웨어,45000,33900,25,0,3000.0,492,68,113,96.0,https://www.musinsa.com/products/4550090,https://image.msscdn.net/images/goods_img/20241023/4550090/4550090_17303644558643_500.jpg,87
202411290537,4284490,덩크 로우 W - 블랙:화이트 / DD1503-101,나이키,139000,111200,20,0,,21,0,152,98.0,https://www.musinsa.com/products/4284490,https://image.msscdn.net/images/goods_img/20240731/4284490/4284490_17228218815480_500.jpg,88
202411290537,4507188,시티캠퍼 유틸리티 후드 다운 자켓 (S24WMGDJ68) Black,스노우피크 어패럴,439000,369000,16,0,,137,0,12,96.0,https://www.musinsa.com/products/4507188,https://image.msscdn.net/images/goods_img/20241011/4507188/4507188_17286158543141_500.jpg,89
202411290537,3833443,캐시팝 트위드 크루넥 니트 (라이트그레이),쿠어,110000,66000,40,0,,159,0,441,98.0,https://www.musinsa.com/products/3833443,https://image.msscdn.net/images/goods_img/20240130/3833443/3833443_17067542250531_500.jpg,90
202411290537,4511946,[홀리데이] 에센셜 스킨 누더 쿠션 (리필포함) - YOUTIFUL MOMENT EDITION,정샘물,45000,38250,15,0,2000.0,195,30,156,98.0,https://www.musinsa.com/products/4511946,https://image.msscdn.net/images/goods_img/20241014/4511946/4511946_17313760214867_500.jpg,91
202411290537,4476487,울리치 트렌치 맥코트_Oatmeal,오로,260000,158000,39,0,,285,0,22,94.0,https://www.musinsa.com/products/4476487,https://image.msscdn.net/images/goods_img/20240930/4476487/4476487_17276752748941_500.jpg,92
202411290537,4324518,하트 칙스 오버핏 라운드 니트,칙스,49000,26981,45,0,2200.0,604,68,54,88.0,https://www.musinsa.com/products/4324518,https://image.msscdn.net/images/goods_img/20240813/4324518/4324518_17289830677743_500.jpg,93
202411290537,4241965,베이직 패쪼_SPJVE4TC01,스파오,49900,38920,22,0,6800.0,298,40,684,98.0,https://www.musinsa.com/products/4241965,https://image.msscdn.net/images/goods_img/20240710/4241965/4241965_17295720190889_500.jpg,94
202411290537,4573427,나일론 베이직 다운,리,199000,99500,50,0,1000.0,249,0,57,96.0,https://www.musinsa.com/products/4573427,https://image.msscdn.net/images/goods_img/20241030/4573427/4573427_17302639155359_500.jpg,95
202411290537,4289228,스피드캣 OG - 블랙:모브 미스트 / 398846-09,푸마,139000,139000,0,0,3800.0,164,0,509,98.0,https://www.musinsa.com/products/4289228,https://image.msscdn.net/images/goods_img/20240801/4289228/4289228_17228430919757_500.jpg,96
202411290537,4280401,DIVISION HOODED DUCK DOWN - BLACK,노매뉴얼,229000,155720,32,0,,208,0,22,96.0,https://www.musinsa.com/products/4280401,https://image.msscdn.net/images/goods_img/20240729/4280401/4280401_17231671605307_500.jpg,97
202411290537,4274045,빈티지 캣워싱 와이드 데님 팬츠 [샌드 블루],리메인세컨드,43500,34800,20,0,18000.0,366,40,1414,94.0,https://www.musinsa.com/products/4274045,https://image.msscdn.net/images/goods_img/20240725/4274045/4274045_17282668099793_500.jpg,98
202411290537,4201382,MARYAM BRUTAL - 649 (a) VIBRAM,킨치,389000,272300,30,0,,55,0,453,98.0,https://www.musinsa.com/products/4201382,https://image.msscdn.net/images/goods_img/20240617/4201382/4201382_17187065193893_500.jpg,99
202411290537,4201989,클리퍼 4홀 더비슈즈 무광 블랙 구두 SFT-101,슈피트,54800,30900,44,1,,169,42,181,96.0,https://www.musinsa.com/products/4201989,https://image.msscdn.net/images/goods_img/20240617/4201989/4201989_17188863362811_500.jpg,100
202411290537,4616579,래글런 부클 플리스 울 블렌디드 발마칸 벨티드 로브 롱 코트 [블랙],플레이스 스튜디오,99000,49500,50,0,,11000,0,0,0.0,https://www.musinsa.com/products/4616579,https://image.msscdn.net/images/goods_img/20241115/4616579/4616579_17320622057322_500.jpg,101
202411290537,4501316,WINTERFELL - SLIP LOAFER BROWN 어그 로퍼,식스핏,99000,61040,38,0,,94,0,19,98.0,https://www.musinsa.com/products/4501316,https://image.msscdn.net/images/goods_img/20241010/4501316/4501316_17285476860454_500.jpg,102
202411290537,4470917,코어 익스트림 패딩 자켓 (3color),무신사 스탠다드 스포츠,139900,83940,40,0,1000.0,227,0,53,98.0,https://www.musinsa.com/products/4470917,https://image.msscdn.net/images/goods_img/20240927/4470917/4470917_17274060938580_500.jpg,103
202411290537,4612418,브러쉬드 모헤어 페어아일 니트 브라운,파르티멘토,62400,35500,43,0,,327,40,0,0.0,https://www.musinsa.com/products/4612418,https://image.msscdn.net/images/goods_img/20241113/4612418/4612418_17316308286997_500.jpg,104
202411290537,4496942,LIGHT DOWN HOODIE JUMPER - BLACK,브라운브레스,219000,131400,40,0,,228,0,14,94.0,https://www.musinsa.com/products/4496942,https://image.msscdn.net/images/goods_img/20241008/4496942/4496942_17289739185672_500.jpg,105
202411290537,4252229,패디드 플리스 바시티 자켓_네이비,어반디타입,109000,41900,62,0,,681,33,118,96.0,https://www.musinsa.com/products/4252229,https://image.msscdn.net/images/goods_img/20240716/4252229/4252229_17322512546464_500.jpg,106
202411290537,4296119,corduroy denim pants (light blue),노운,138000,117300,15,0,,28,0,86,98.0,https://www.musinsa.com/products/4296119,https://image.msscdn.net/images/goods_img/20240805/4296119/4296119_17234732552007_500.jpg,107
202411290537,4374819,UNIFORM Crepe Derby Beige,로스트가든,195000,117000,40,0,,257,0,53,96.0,https://www.musinsa.com/products/4374819,https://image.msscdn.net/images/goods_img/20240827/4374819/4374819_17268131066920_500.jpg,108
202411290537,4493128,UNISEX GENUINE SHEARLING JACKET BROWN_UDJU4D122W2,던스트 포 우먼,1390000,1320500,5,0,,0,0,1,100.0,https://www.musinsa.com/products/4493128,https://image.msscdn.net/images/goods_img/20241007/4493128/4493128_17286396086536_500.jpg,109
202411290537,4280313,T.S FLEECE JACKET - BLACK,노매뉴얼,129000,77400,40,0,,99,0,76,96.0,https://www.musinsa.com/products/4280313,https://image.msscdn.net/images/goods_img/20240729/4280313/4280313_17231682347853_500.jpg,110
202411290537,4523101,터프패디드 FS 코듀로이 - 블랙:웜 / 402172-03,푸마,59000,46990,20,0,1400.0,187,0,90,98.0,https://www.musinsa.com/products/4523101,https://image.msscdn.net/images/goods_img/20241016/4523101/4523101_17301778093119_500.jpg,111
202411290537,4431870,"와이드 레오파드 팬츠, 챠콜",오피쉬,109000,58860,46,0,,268,0,25,94.0,https://www.musinsa.com/products/4431870,https://image.msscdn.net/images/goods_img/20240911/4431870/4431870_17262100867609_500.jpg,112
202411290537,4600280,NBNPECA013 / 남녀공용 액티브 GORE-TEX 숏 다운 (BLACK),뉴발란스,459000,321300,30,0,,159,0,0,0.0,https://www.musinsa.com/products/4600280,https://image.msscdn.net/images/goods_img/20241108/4600280/4600280_17312967831868_500.jpg,113
202411290537,4442864,히든 레더 무스탕 점퍼_2COLOR,라퍼지스토어,160000,78000,51,0,2200.0,834,0,115,92.0,https://www.musinsa.com/products/4442864,https://image.msscdn.net/images/goods_img/20240919/4442864/4442864_17322599636877_500.jpg,114
202411290537,4280409,AELLA DUCK DOWN - BLACK,노매뉴얼,249000,179280,28,0,,164,0,56,98.0,https://www.musinsa.com/products/4280409,https://image.msscdn.net/images/goods_img/20240729/4280409/4280409_17231670025388_500.jpg,115
202411290537,4619234,N224MDW950 남성 리머 리버시블 플리스 후디 덕다운 점퍼,내셔널지오그래픽,299000,139500,53,0,,146,0,6,94.0,https://www.musinsa.com/products/4619234,https://image.msscdn.net/images/goods_img/20241115/4619234/4619234_17316682808179_500.jpg,116
202411290537,4603929,23FW 테크 후드 구스다운 (다크네이비) (BBOPMB0018RDF),브룩스 브라더스,299000,151240,49,0,,60,0,5,100.0,https://www.musinsa.com/products/4603929,https://image.msscdn.net/images/goods_img/20241111/4603929/4603929_17313056043385_500.jpg,117
202411290537,4229168,[힛탠다드] 우먼즈 헤비웨이트 속기모 딥 턱 와이드 슬랙스 [블랙],무신사 스탠다드 우먼,49900,29890,40,0,1400.0,619,38,33,94.0,https://www.musinsa.com/products/4229168,https://image.msscdn.net/images/goods_img/20240702/4229168/4229168_17296596688464_500.jpg,118
202411290537,4542605,글로시 다이애그널 크롭 푸퍼_GLOSSY BLACK,데이,149000,39900,73,1,,236,41,6,96.0,https://www.musinsa.com/products/4542605,https://image.msscdn.net/images/goods_img/20241022/4542605/4542605_17320797925188_500.jpg,119
202411290537,4497287,Bbodeuk 소가죽 방한슈즈,마크모크,110000,66000,40,0,1300.0,443,37,84,98.0,https://www.musinsa.com/products/4497287,https://image.msscdn.net/images/goods_img/20241008/4497287/4497287_17326723918918_500.jpg,120
202411290537,4320633,[테리/피치기모]빈티지 캥거루 후드티,놉녹,63900,47930,25,1,,67,32,92,98.0,https://www.musinsa.com/products/4320633,https://image.msscdn.net/images/goods_img/20240812/4320633/4320633_17291343275694_500.jpg,121
202411290537,4626197,X TC 크로스 스티치 더블니 팬츠 - Brown,디키즈,614000,614000,0,0,,15,0,0,0.0,https://www.musinsa.com/products/4626197,https://image.msscdn.net/images/goods_img/20241120/4626197/4626197_17321737465099_500.jpg,122
202411290537,4288950,[기모선택] ASI 포시즌 에센셜 피그먼트 후드 티셔츠_차콜,디미트리블랙,44500,27900,37,0,5900.0,266,39,449,96.0,https://www.musinsa.com/products/4288950,https://image.msscdn.net/images/goods_img/20240801/4288950/4288950_17234187400333_500.png,123
202411290537,4636907,MIXED HAIRY FUR JACKET KHAKI BROWN,엘이이와이,358000,304300,15,0,,29,0,0,0.0,https://www.musinsa.com/products/4636907,https://image.msscdn.net/images/goods_img/20241126/4636907/4636907_17327663660205_500.jpg,124
202411290537,4328686,헤어리 그래픽 로고 오버핏 자카드 니트 (BLUE),트릴리온,52000,27800,47,0,3700.0,560,47,154,96.0,https://www.musinsa.com/products/4328686,https://image.msscdn.net/images/goods_img/20240814/4328686/4328686_17249552459456_500.jpg,125
202411290537,4478766,SMOCK PUFFER DOWN PARKA _ DARK GREEN,프리즘웍스,289000,245650,15,0,,30,0,8,100.0,https://www.musinsa.com/products/4478766,https://image.msscdn.net/images/goods_img/20240930/4478766/4478766_17291566315486_500.jpg,126
202411290537,4444778,풀 컷 데님 팬츠 - 디지털 프린트 / W4205TDD,아워 레가시,690000,299990,57,0,,16,0,0,0.0,https://www.musinsa.com/products/4444778,https://image.msscdn.net/images/goods_img/20240919/4444778/4444778_17280160514041_500.jpg,127
202411290537,4553941,언샘블 퍼 레더 하프 코트_2Color,오로,184000,96900,47,0,,465,0,5,100.0,https://www.musinsa.com/products/4553941,https://image.msscdn.net/images/goods_img/20241024/4553941/4553941_17300812804912_500.jpg,128
202411290537,4305217,탱커 무브 패딩 자켓 (4color),무신사 스탠다드 스포츠,139900,83940,40,0,1400.0,339,0,130,98.0,https://www.musinsa.com/products/4305217,https://image.msscdn.net/images/goods_img/20240807/4305217/4305217_17319824615493_500.jpg,129
202411290537,4296120,corduroy denim pants (blue),노운,138000,117300,15,0,,20,0,57,100.0,https://www.musinsa.com/products/4296120,https://image.msscdn.net/images/goods_img/20240805/4296120/4296120_17234732661141_500.jpg,130
202411290537,4437931,모공케어 비타민B 포어 앤 세범 밸런싱 패드 180g (+사은품 증정),닥터비타,45000,19800,56,0,1100.0,67,52,3,94.0,https://www.musinsa.com/products/4437931,https://image.msscdn.net/images/goods_img/20240912/4437931/4437931_17322565486462_500.jpg,131
202411290537,4464038,클래식 퍼프 모크 - 블랙/블랙 / 210706-060,크록스,89900,62990,30,0,,169,0,19,98.0,https://www.musinsa.com/products/4464038,https://image.msscdn.net/images/goods_img/20240925/4464038/4464038_17290464821052_500.jpg,132
202411290537,4542527,CHUNKY CRWNECK SWEATER (IVORY),논앤논,62000,46500,25,0,,277,0,2,100.0,https://www.musinsa.com/products/4542527,https://image.msscdn.net/images/goods_img/20241022/4542527/4542527_17295638225992_500.jpg,133
202411290537,4480501,PCU Level 7 Insulated Vest Dark Grey,에스피오나지,186000,158100,15,0,,36,0,32,100.0,https://www.musinsa.com/products/4480501,https://image.msscdn.net/images/goods_img/20241002/4480501/4480501_17282674476113_500.jpg,134
202411290537,4512312,리벳 아플리케 포켓 로고 후드 10color,세터,139000,83400,40,0,,291,0,12,96.0,https://www.musinsa.com/products/4512312,https://image.msscdn.net/images/goods_img/20241014/4512312/4512312_17319059366321_500.jpg,135
202411290537,4328682,헤어리 그래픽 로고 오버핏 자카드 니트 (GREEN),트릴리온,52000,35700,31,0,2500.0,256,33,130,96.0,https://www.musinsa.com/products/4328682,https://image.msscdn.net/images/goods_img/20240814/4328682/4328682_17249552173901_500.jpg,136
202411290537,4595693,NJ1DQ86B 여성 눕시 숏 자켓_PASTEL PINK,노스페이스,369000,369000,0,0,,150,0,1,100.0,https://www.musinsa.com/products/4595693,https://image.msscdn.net/images/goods_img/20241107/4595693/4595693_17309531926505_500.jpg,137
202411290537,4489325,시티캠퍼 후드 헤비 다운 자켓 (S24WMGDJ10) Black,스노우피크 어패럴,439000,369000,16,0,,33,0,16,98.0,https://www.musinsa.com/products/4489325,https://image.msscdn.net/images/goods_img/20241007/4489325/4489325_17282658506284_500.jpg,138
202411290537,4440712,코듀로이 재킷-베이지/카키,폴로 랄프 로렌,549000,549000,0,0,,20,0,1,100.0,https://www.musinsa.com/products/4440712,https://image.msscdn.net/images/goods_img/20240913/4440712/4440712_17292154852156_500.jpg,139
202411290537,4572588,채코제X브라이튼캐리어 레븐 실버에디션 20 24 28 기내용 수화물,브라이튼 캐리어,193000,100000,48,0,,134,0,56,98.0,https://www.musinsa.com/products/4572588,https://image.msscdn.net/images/goods_img/20241030/4572588/4572588_17313867875759_500.jpg,140
202411290537,4356163,레더 타스만 슬리퍼 (타스만 LTHR 리젠) M- 블랙 / 1163890BLK,어그,218000,218000,0,0,,37,0,12,98.0,https://www.musinsa.com/products/4356163,https://image.msscdn.net/images/goods_img/20240822/4356163/4356163_17247478944037_500.jpg,141
202411290537,4550110,WOOLY TWOTONE MUFFLER - 2 colors,락피쉬웨더웨어,42000,33800,20,0,1800.0,406,50,46,96.0,https://www.musinsa.com/products/4550110,https://image.msscdn.net/images/goods_img/20241023/4550110/4550110_17304262277451_500.jpg,142
202411290537,4499584,패커블 셈노즈 바라클라바 다운 FPJ219 / 3color,플루크,458000,178000,61,0,,155,0,3,100.0,https://www.musinsa.com/products/4499584,https://image.msscdn.net/images/goods_img/20241008/4499584/4499584_17326772315323_500.jpg,143
202411290537,4629918,시그니처 퍼퓸  코튼허그 50ml 짱구 에디션,포맨트,59000,49000,17,0,,123,0,2,100.0,https://www.musinsa.com/products/4629918,https://image.msscdn.net/images/goods_img/20241121/4629918/4629918_17321723983060_500.jpg,144
202411290537,4293708,울 블렌드 원 턱 슬랙스 - 3 COLOR,수아레,75000,47900,36,0,2500.0,149,30,101,94.0,https://www.musinsa.com/products/4293708,https://image.msscdn.net/images/goods_img/20240802/4293708/4293708_17288698262286_500.jpg,145
202411290537,4556294,[4COLOR] 엠브로이더리 댄 카라리스 퀼팅 플리스 자켓,예일,99000,33900,66,1,,198,51,58,96.0,https://www.musinsa.com/products/4556294,https://image.msscdn.net/images/goods_img/20241024/4556294/4556294_17316670009766_500.jpg,146
202411290537,4514643,미니멀 푸퍼 숏 패딩 (JP5JPU293) 3color,지프,179000,51000,72,1,,234,34,14,96.0,https://www.musinsa.com/products/4514643,https://image.msscdn.net/images/goods_img/20241014/4514643/4514643_17320850209567_500.jpg,147
202411290537,4280408,AELLA DUCK DOWN - GLOSSY BLACK,노매뉴얼,249000,179280,28,0,1300.0,231,0,112,98.0,https://www.musinsa.com/products/4280408,https://image.msscdn.net/images/goods_img/20240729/4280408/4280408_17231670283489_500.jpg,148
202411290537,4242664,베이직 푸퍼 (코듀로이)_SPJPE4TC12,스파오,79900,71900,10,0,1500.0,152,0,83,98.0,https://www.musinsa.com/products/4242664,https://image.msscdn.net/images/goods_img/20240710/4242664/4242664_17301591630606_500.jpg,149
202411290537,4457972,우먼 크롭 숏 다운 브라운,리,219000,175000,20,0,,149,0,126,98.0,https://www.musinsa.com/products/4457972,https://image.msscdn.net/images/goods_img/20240924/4457972/4457972_17273269323024_500.jpg,150
202411290537,4438290,두굿_[COUTURE]울혼방하프발마칸코트 - 2color MYCA7105,마인드브릿지,239000,129900,46,0,,191,0,17,98.0,https://www.musinsa.com/products/4438290,https://image.msscdn.net/images/goods_img/20240912/4438290/4438290_17262080793560_500.jpg,151
202411290537,4215463,cotton candy muffler_3 colors,앵브록스,38000,25840,32,0,1200.0,337,61,42,90.0,https://www.musinsa.com/products/4215463,https://image.msscdn.net/images/goods_img/20240624/4215463/4215463_17193105067809_500.jpg,152
202411290537,4579118,NS93Q63A 캠프 뮬_BLACK,노스페이스,99000,79190,20,0,,130,0,16,96.0,https://www.musinsa.com/products/4579118,https://image.msscdn.net/images/goods_img/20241031/4579118/4579118_17303608691367_500.jpg,153
202411290537,4481431,알파카 테일러드 싱글 코트 [D.NAVY],드로우핏 우먼,374000,261800,30,0,,16,0,1,100.0,https://www.musinsa.com/products/4481431,https://image.msscdn.net/images/goods_img/20241002/4481431/4481431_17283562509660_500.jpg,154
202411290537,4355521,헨리넥 롱 슬리브 티셔츠 (멜란지 그레이),주앙옴므,69000,51750,25,0,,66,0,73,98.0,https://www.musinsa.com/products/4355521,https://image.msscdn.net/images/goods_img/20240821/4355521/4355521_17249806811391_500.jpg,155
202411290537,4452180,(EDITION) 아디스타 XLG SMU - 실버 / JH8827,아디다스,139000,68990,50,0,,171,0,32,98.0,https://www.musinsa.com/products/4452180,https://image.msscdn.net/images/goods_img/20240923/4452180/4452180_17280223701719_500.jpg,156
202411290537,4436733,남녀공용 릴렉스핏 숏 푸퍼 J400477 YBI,캘빈클라인 진,299000,166850,44,0,,242,0,6,94.0,https://www.musinsa.com/products/4436733,https://image.msscdn.net/images/goods_img/20240912/4436733/4436733_17267095104338_500.jpeg,157
202411290537,4471064,(Renew Ver.) 투턱 와이드 스웨트 팬츠 ( 4Color ) ( 기모선택 ),브렌슨,41200,23900,42,0,2800.0,220,43,139,98.0,https://www.musinsa.com/products/4471064,https://image.msscdn.net/images/goods_img/20240927/4471064/4471064_17274049108426_500.jpg,158
202411290537,4488529,NEW FLUFFY SHORT GLOVES - 9 colors,락피쉬웨더웨어,28000,19900,29,0,3200.0,716,121,88,96.0,https://www.musinsa.com/products/4488529,https://image.msscdn.net/images/goods_img/20241004/4488529/4488529_17285220425742_500.png,159
202411290537,4435634,빈티지 체크 캐시미어 스카프 - 아카이브 베이지 / 8076576,버버리,920000,499990,46,0,,16,0,1,100.0,https://www.musinsa.com/products/4435634,https://image.msscdn.net/images/goods_img/20240912/4435634/4435634_17272310638034_500.jpg,160
202411290537,4223498,우먼즈 오버사이즈 후디드 롱 다운 파카 [블랙],무신사 스탠다드 우먼,219900,197890,10,0,,84,0,2,100.0,https://www.musinsa.com/products/4223498,https://image.msscdn.net/images/goods_img/20240628/4223498/4223498_17313878208405_500.jpg,161
202411290537,4252226,패디드 플리스 바시티 자켓_핑크,어반디타입,109000,41900,62,0,,13000,0,118,96.0,https://www.musinsa.com/products/4252226,https://image.msscdn.net/images/goods_img/20240716/4252226/4252226_17248244028819_500.jpg,162
202411290537,3992824,아토베리어365 크림 80ml 2개,에스트라,66000,59400,10,0,2700.0,87,0,8129,98.0,https://www.musinsa.com/products/3992824,https://image.msscdn.net/images/goods_img/20240326/3992824/3992824_17285336654733_500.jpg,163
202411290537,4584154,소프트 헨리넥 라운드 긴팔 니트 [베이지],노드유,51000,24900,51,0,1400.0,274,34,53,98.0,https://www.musinsa.com/products/4584154,https://image.msscdn.net/images/goods_img/20241104/4584154/4584154_17306775620945_500.jpg,164
202411290537,4535147,CENTAUR OVERSIZED PADDED JUMPER_GREY,센토르,169000,135200,20,0,,122,0,5,92.0,https://www.musinsa.com/products/4535147,https://image.msscdn.net/images/goods_img/20241018/4535147/4535147_17326688037033_500.jpg,165
202411290537,4639878,[담곰이] 목이 뜨시담곰 머플러_SPAME4VU02,스파오,19900,19900,0,0,,72,48,0,0.0,https://www.musinsa.com/products/4639878,https://image.msscdn.net/images/goods_img/20241127/4639878/4639878_17326921506937_500.jpg,166
202411290537,4503687,솔리드 다운 퍼핀 숏푸퍼 블랙,와키윌리,219000,120450,45,0,,111,0,40,98.0,https://www.musinsa.com/products/4503687,https://image.msscdn.net/images/goods_img/20241010/4503687/4503687_17291238478518_500.jpg,167
202411290537,4480313,울 자카드 후드 더플 니트_Midnight Blue,라퍼지스토어,99000,68000,31,0,1700.0,407,0,125,98.0,https://www.musinsa.com/products/4480313,https://image.msscdn.net/images/goods_img/20241002/4480313/4480313_17280087960530_500.jpg,168
202411290537,4615748,시티 몬스터 파카-엉클베이지,토마스모어,357000,321290,10,0,,33,0,5,100.0,https://www.musinsa.com/products/4615748,https://image.msscdn.net/images/goods_img/20241114/4615748/4615748_17315734147793_500.jpg,169
202411290537,4570376,SNOW PADDED BOOTS MIDDLE - 6 colors,락피쉬웨더웨어,132000,105900,20,0,,135,0,5,100.0,https://www.musinsa.com/products/4570376,https://image.msscdn.net/images/goods_img/20241029/4570376/4570376_17321524738607_500.png,170
202411290537,4222747,가젤 인도어 - 블랙 / JI2060,아디다스,159000,94990,40,0,,149,0,101,96.0,https://www.musinsa.com/products/4222747,https://image.msscdn.net/images/goods_img/20240627/4222747/4222747_17195430153302_500.jpg,171
202411290537,4493092,UNISEX HOODED LIGHT GOOSE DOWN JACKET BLACK_UDJU4D133BK,던스트 포 우먼,329000,312500,5,0,,13,0,3,100.0,https://www.musinsa.com/products/4493092,https://image.msscdn.net/images/goods_img/20241007/4493092/4493092_17286396804837_500.jpg,172
202411290537,4556222,더블니 기모 트레이닝 팬츠[멜란지그레이],시그니처,59000,24900,58,0,,195,36,0,0.0,https://www.musinsa.com/products/4556222,https://image.msscdn.net/images/goods_img/20241024/4556222/4556222_17318951997414_500.jpg,173
202411290537,4543780,[기모Ver] 클래식 코듀로이 팬츠_6Color,오로,86000,41900,51,0,,345,0,3,100.0,https://www.musinsa.com/products/4543780,https://image.msscdn.net/images/goods_img/20241022/4543780/4543780_17326847126700_500.jpg,174
202411290537,4453243,에센 투 톤 모헤어 풀오버 니트 멜란지 그레이,세터,169000,135200,20,0,,67,0,10,100.0,https://www.musinsa.com/products/4453243,https://image.msscdn.net/images/goods_img/20240923/4453243/4453243_17285258348761_500.jpg,175
202411290537,4320380,[SET] 카오스 코듀로이 오버핏 맨투맨 셋업 네이비,모즈모즈,93000,41520,55,0,,267,0,84,98.0,https://www.musinsa.com/products/4320380,https://image.msscdn.net/images/goods_img/20240812/4320380/4320380_17243997608628_500.jpg,176
202411290537,4574702,로고 덕다운 퍼핀 숏푸퍼 블랙,와키윌리,249000,99600,60,0,,105,0,4,100.0,https://www.musinsa.com/products/4574702,https://image.msscdn.net/images/goods_img/20241030/4574702/4574702_17314901596592_500.jpg,177
202411290537,4280132,CROPPED HAIRY KNIT - ROSE,노매뉴얼,109000,54500,50,0,,257,0,29,100.0,https://www.musinsa.com/products/4280132,https://image.msscdn.net/images/goods_img/20240729/4280132/4280132_17231688784330_500.jpg,178
202411290537,4627421,플럼 스웨이드 호보백  Flume Suede Hobo Bag (3 colors),오브히,123000,73800,40,0,,239,0,378,96.0,https://www.musinsa.com/products/4627421,https://image.msscdn.net/images/goods_img/20241120/4627421/4627421_17320919873555_500.jpg,179
202411290537,4564862,실리콘 진동 클렌저,멜리언스,59900,38900,35,0,1200.0,73,32,63,96.0,https://www.musinsa.com/products/4564862,https://image.msscdn.net/images/goods_img/20241028/4564862/4564862_17315454078643_500.jpg,180
202411290537,4350254,더블 어드저스트 버튼 숏 패딩 점퍼 4 color_SEJP005,세컨모놀로그,139000,56300,59,0,,240,0,17,92.0,https://www.musinsa.com/products/4350254,https://image.msscdn.net/images/goods_img/20240820/4350254/4350254_17325260951891_500.jpg,181
202411290537,4356160,스웨이드 레더 미니 부츠 (클래식 울트라 미니) W- 카리부 / 1116109CRBO,어그,218000,218000,0,0,,320,0,16,94.0,https://www.musinsa.com/products/4356160,https://image.msscdn.net/images/goods_img/20240822/4356160/4356160_17247478523203_500.jpg,182
202411290537,4421709,피그먼트 헤비 스웨트 후디_Charcoal,맨인스토어 프로덕트,69900,59900,14,0,,103,0,37,96.0,https://www.musinsa.com/products/4421709,https://image.msscdn.net/images/goods_img/20240909/4421709/4421709_17260354616369_500.jpg,183
202411290537,4444879,원 로우 펄 바스 릴리프 목걸이 - 플래티늄:크림:크리스탈 / 6301010602P104,비비안 웨스트우드,530000,215990,59,0,,27,0,2,100.0,https://www.musinsa.com/products/4444879,https://image.msscdn.net/images/goods_img/20240919/4444879/4444879_17276588248345_500.jpg,184
202411290537,4570466,미드나잇 파크 EDP 50ml,시머스,153000,49000,68,0,,29,0,4,96.0,https://www.musinsa.com/products/4570466,https://image.msscdn.net/images/goods_img/20241029/4570466/4570466_17302741102245_500.png,185
202411290537,4354743,텔리아 패딩 - 블랙 / MA0129FBB3C01E01BK,이자벨마랑,1035000,430990,58,0,,62,0,4,100.0,https://www.musinsa.com/products/4354743,https://image.msscdn.net/images/goods_img/20240821/4354743/4354743_17254429102912_500.jpg,186
202411290537,4360670,LIL DEVIL DENIM [INDIGO BLACK],리트리버클럽,98000,43120,56,0,1400.0,368,0,66,92.0,https://www.musinsa.com/products/4360670,https://image.msscdn.net/images/goods_img/20240822/4360670/4360670_17273664354571_500.jpg,187
202411290537,4616751,크리즈 빈티지 무톤 봄버 BLACK,도프제이슨,235000,167300,29,0,,96,0,0,0.0,https://www.musinsa.com/products/4616751,https://image.msscdn.net/images/goods_img/20241115/4616751/4616751_17319963006662_500.jpg,188
202411290537,4431837,"리치 울 하프 코트, 그레이",오피쉬,279000,209250,25,0,,90,0,6,100.0,https://www.musinsa.com/products/4431837,https://image.msscdn.net/images/goods_img/20240911/4431837/4431837_17261708836000_500.jpg,189
202411290537,4279928,O.D CHECK SHIRT - BLACK,노매뉴얼,119000,69020,42,0,2700.0,169,0,518,96.0,https://www.musinsa.com/products/4279928,https://image.msscdn.net/images/goods_img/20240729/4279928/4279928_17231774529256_500.jpg,190
202411290537,4520705,로고 와펜 후드 롱다운 점퍼 블랙,와키윌리,299000,164450,45,0,,94,0,4,90.0,https://www.musinsa.com/products/4520705,https://image.msscdn.net/images/goods_img/20241015/4520705/4520705_17296672534919_500.jpg,191
202411290537,4390860,에코 스웨이드 쓰리 버튼 블레이저 (다크브라운),쿠어,310000,279000,10,0,,58,0,122,100.0,https://www.musinsa.com/products/4390860,https://image.msscdn.net/images/goods_img/20240831/4390860/4390860_17252776005366_500.jpg,192
202411290537,4240890,남성 CK 마이크로 플러스 로우 라이즈 트렁크 3PK_NP2752O001,캘빈클라인 언더웨어,85000,41700,51,0,3300.0,251,0,229,98.0,https://www.musinsa.com/products/4240890,https://image.msscdn.net/images/goods_img/20240709/4240890/4240890_17268084482652_500.jpg,193
202411290537,4302685,SORANO Basic Logo HOODIE [4Color],소라노,119000,44900,62,0,18000.0,269,32,1462,94.0,https://www.musinsa.com/products/4302685,https://image.msscdn.net/images/goods_img/20240807/4302685/4302685_17229675684379_500.jpg,194
202411290537,4305227,헤비코튼 크루넥 머슬 니트 (블랙) 24NTL01,나인제트,84000,49990,40,0,1400.0,278,0,69,96.0,https://www.musinsa.com/products/4305227,https://image.msscdn.net/images/goods_img/20240807/4305227/4305227_17258582794467_500.png,195
202411290537,4451770,GLOSSY DUCK DOWN PUFFER black,마리떼,259000,207200,20,0,,102,0,6,94.0,https://www.musinsa.com/products/4451770,https://image.msscdn.net/images/goods_img/20240923/4451770/4451770_17280261461120_500.jpg,196
202411290537,4615761,프로핏 드링크 바나나 250ml x 18개,셀렉스,52200,25900,50,0,,72,31,12,98.0,https://www.musinsa.com/products/4615761,https://image.msscdn.net/images/goods_img/20241114/4615761/4615761_17315736815360_500.jpg,197
202411290537,4512577,톤온톤 컬러밴딩 노와이어 브라팬티세트 - 4Colors,코데즈컴바인 이너웨어,57600,24700,57,0,1600.0,253,61,9,98.0,https://www.musinsa.com/products/4512577,https://image.msscdn.net/images/goods_img/20241014/4512577/4512577_17308694798101_500.jpg,198
202411290537,4630617,NS99Q72K 화이트라벨 보레알리스 숏 부띠_WHITE,노스페이스,149000,134100,10,0,,146,0,0,0.0,https://www.musinsa.com/products/4630617,https://image.msscdn.net/images/goods_img/20241121/4630617/4630617_17321787653494_500.jpg,199
202411290537,4524083,Wool Hourglass Jacket SW4WJ919-24,루에브르,299000,269000,10,0,,39,0,0,0.0,https://www.musinsa.com/products/4524083,https://image.msscdn.net/images/goods_img/20241016/4524083/4524083_17290592846781_500.jpg,200
202411290537,4523100,터프패디드 FS 코듀로이 - 카라멜:화이트 / 402172-02,푸마,59000,37990,36,0,1300.0,193,0,24,100.0,https://www.musinsa.com/products/4523100,https://image.msscdn.net/images/goods_img/20241016/4523100/4523100_17301777041268_500.jpg,201
202411290537,4208867,4 스티치 슬림 카드 홀더 - 블랙 / SA1VX0011P4455T8013,메종 마르지엘라,443000,265800,40,0,,33,0,6,100.0,https://www.musinsa.com/products/4208867,https://image.msscdn.net/images/goods_img/20240620/4208867/4208867_17212650736494_500.jpg,202
202411290537,4539005,(기모) 투턱 와이드 롱 스웨트 팬츠 2color,바운더리,129000,29900,70,1,,358,34,14,94.0,https://www.musinsa.com/products/4539005,https://image.msscdn.net/images/goods_img/20241021/4539005/4539005_17322385376307_500.jpg,203
202411290537,4600247,시티 숏 다운 - 블랙,토마스모어,297000,267290,10,0,,61,0,6,100.0,https://www.musinsa.com/products/4600247,https://image.msscdn.net/images/goods_img/20241108/4600247/4600247_17310494197141_500.jpg,204
202411290537,4286590,NJ1DQ75F 남성 1996 에코 눕시 자켓_BROWN,노스페이스,399000,399000,0,0,,95,0,42,100.0,https://www.musinsa.com/products/4286590,https://image.msscdn.net/images/goods_img/20240731/4286590/4286590_17224139991252_500.jpg,205
202411290537,4287121,NJ1DQ85C 여성 1996 에코 눕시 자켓_BROWN,노스페이스,399000,399000,0,0,,53,0,5,100.0,https://www.musinsa.com/products/4287121,https://image.msscdn.net/images/goods_img/20240731/4287121/4287121_17224166442715_500.jpg,206
202411290537,4525082,N244WDW860 여성 카이만 프로 롱기장 구스 다운 점퍼 CARBON BLACK,내셔널지오그래픽,439000,399000,9,0,,37,0,2,100.0,https://www.musinsa.com/products/4525082,https://image.msscdn.net/images/goods_img/20241016/4525082/4525082_17291459329736_500.jpg,207
202411290537,4595680,N244UDW860 카이만 프로 롱기장 구스 다운 점퍼 BIG LOGO BLACK,내셔널지오그래픽,439000,399000,9,0,,11,0,0,0.0,https://www.musinsa.com/products/4595680,https://image.msscdn.net/images/goods_img/20241107/4595680/4595680_17309528581280_500.jpg,208
202411290537,4480401,레샤프 론드 카레 머플러 - 베이지 / 246AC6875202015,자크뮈스,380000,158990,58,0,,72,0,2,100.0,https://www.musinsa.com/products/4480401,https://image.msscdn.net/images/goods_img/20241002/4480401/4480401_17289545084821_500.jpg,209
202411290537,4495370,Identity Down Jacket (4colors),오프닝프로젝트,288000,158400,45,0,,79,0,6,100.0,https://www.musinsa.com/products/4495370,https://image.msscdn.net/images/goods_img/20241008/4495370/4495370_17326092952450_500.png,210
202411290537,4519567,인헤일 푸퍼 패딩 - 베이지 / M4241DB,아워 레가시,1750000,790990,55,0,,28,0,0,0.0,https://www.musinsa.com/products/4519567,https://image.msscdn.net/images/goods_img/20241015/4519567/4519567_17298156131154_500.jpg,211
202411290537,3543981,남성 디하스 튜브 구스다운 경량패딩 (BLACK),디스커버리 익스페디션,279000,195300,30,0,,24,0,56,98.0,https://www.musinsa.com/products/3543981,https://image.msscdn.net/images/goods_img/20230908/3543981/3543981_17290633260026_500.jpg,212
202411290537,4444817,크롭 인헤일 푸퍼 패딩 - 블랙 / W4241CB,아워 레가시,1510000,787990,48,0,,0,0,1,100.0,https://www.musinsa.com/products/4444817,https://image.msscdn.net/images/goods_img/20240919/4444817/4444817_17278392505330_500.jpg,213
202411290537,4577301,TCM starfish mini logo gloves (4 colors),더콜디스트모먼트,29000,24650,15,0,,199,33,7,100.0,https://www.musinsa.com/products/4577301,https://image.msscdn.net/images/goods_img/20241031/4577301/4577301_17307311235786_500.jpg,214
202411290537,4319658,테리 기모 피그먼트 와이드 원턱 스트링 트레이닝팬츠 챠콜,모즈모즈,72000,50200,30,0,,316,0,10,96.0,https://www.musinsa.com/products/4319658,https://image.msscdn.net/images/goods_img/20240812/4319658/4319658_17255052960101_500.jpg,215
202411290537,4545221,엘비 패딩부츠 (블랙),갭,69900,53900,23,0,,232,0,4,100.0,https://www.musinsa.com/products/4545221,https://image.msscdn.net/images/goods_img/20241022/4545221/4545221_17295886497094_500.jpg,216
202411290537,4387116,리브드 오버핏 헨리넥 니트 [블랙],르아르,78000,45900,41,0,1300.0,204,0,53,98.0,https://www.musinsa.com/products/4387116,https://image.msscdn.net/images/goods_img/20240830/4387116/4387116_17255484228160_500.jpg,217
202411290537,4551492,NS99Q01B 보레알리스 부티_BEIGE,노스페이스,169000,152090,10,0,,117,0,2,100.0,https://www.musinsa.com/products/4551492,https://image.msscdn.net/images/goods_img/20241024/4551492/4551492_17297344765279_500.jpg,218
202411290537,4385991,(우먼)캐시미어 100 홀가먼트 니트 - 10 COLOR,수아레,125000,83750,33,0,4200.0,161,0,223,92.0,https://www.musinsa.com/products/4385991,https://image.msscdn.net/images/goods_img/20240829/4385991/4385991_17255814530004_500.jpg,219
202411290537,4266497,히티트울 발마칸 코트(Wool 60)_블랙,어반디타입,239000,126650,47,0,,72,0,51,96.0,https://www.musinsa.com/products/4266497,https://image.msscdn.net/images/goods_img/20240722/4266497/4266497_17267993756167_500.jpg,220
202411290537,4577320,TCM mini logo stripe muffler (black/grey),더콜디스트모먼트,59000,50150,15,0,,165,0,24,98.0,https://www.musinsa.com/products/4577320,https://image.msscdn.net/images/goods_img/20241031/4577320/4577320_17307313458713_500.jpg,221
202411290537,4527460,헤프 하이넥 시그니처 웰론 패딩 남녀공용 (5컬러),무센트,213900,149900,30,0,,126,0,3,100.0,https://www.musinsa.com/products/4527460,https://image.msscdn.net/images/goods_img/20241017/4527460/4527460_17300977008809_500.png,222
202411290537,4422571,워싱 레더 무스탕 자켓,러프넥,169000,152100,10,0,,78,0,31,98.0,https://www.musinsa.com/products/4422571,https://image.msscdn.net/images/goods_img/20240909/4422571/4422571_17259543259384_500.jpg,223
202411290537,4483084,[WOOL 80] (우먼) 울 세미오버핏 발마칸 로브코트_샌드,키뮤어,259000,146970,43,0,,145,0,3,94.0,https://www.musinsa.com/products/4483084,https://image.msscdn.net/images/goods_img/20241002/4483084/4483084_17286192936598_500.jpg,224
202411290537,3833439,캐시팝 트위드 크루넥 니트 (블랙),쿠어,110000,66000,40,0,,132,0,857,98.0,https://www.musinsa.com/products/3833439,https://image.msscdn.net/images/goods_img/20240130/3833439/3833439_17067543392690_500.jpg,225
202411290537,4276526,남성 모던 코튼 트렁크 3PK_NB3963MP1,캘빈클라인 언더웨어,85000,41700,51,0,,86,0,35,100.0,https://www.musinsa.com/products/4276526,https://image.msscdn.net/images/goods_img/20240726/4276526/4276526_17268074515402_500.jpg,226
202411290537,4507187,시티캠퍼 유틸리티 후드 다운 자켓 (S24WMGDJ68) Dark Khaki,스노우피크 어패럴,439000,369000,16,0,,13,0,4,100.0,https://www.musinsa.com/products/4507187,https://image.msscdn.net/images/goods_img/20241011/4507187/4507187_17286158734674_500.jpg,227
202411290537,4600414,크로이던(Croydon) 파카_AHCAW24801NYX,헨리코튼,870000,739500,15,0,,0,0,0,0.0,https://www.musinsa.com/products/4600414,https://image.msscdn.net/images/goods_img/20241108/4600414/4600414_17310507301080_500.jpg,228
202411290537,4242666,파스텔 푸퍼 (코듀로이)_SPJPE4TG02,스파오,79900,71900,10,0,1600.0,122,0,107,98.0,https://www.musinsa.com/products/4242666,https://image.msscdn.net/images/goods_img/20240710/4242666/4242666_17313082733585_500.jpg,229
202411290537,4316117,[3color] 코만도 워시드 피그먼트 스웻셔츠_SETS041,세컨모놀로그,89000,29300,67,0,,171,31,53,96.0,https://www.musinsa.com/products/4316117,https://image.msscdn.net/images/goods_img/20240809/4316117/4316117_17327803839723_500.jpg,230
202411290537,4252738,캐시미어 100 홀가먼트 니트 - 8 COLOR,수아레,125000,89900,28,0,1200.0,88,0,132,96.0,https://www.musinsa.com/products/4252738,https://image.msscdn.net/images/goods_img/20240716/4252738/4252738_17292129827867_500.jpg,231
202411290537,4265741,헤어 볼륨 핀처,포뷰트,29500,17900,39,0,19000.0,57,32,2444,82.0,https://www.musinsa.com/products/4265741,https://image.msscdn.net/images/goods_img/20240722/4265741/4265741_17313723206528_500.jpg,232
202411290537,4517577,MTE 스케이트 하이 고어텍스 - 블랙아웃 / VN000CVS1OJ1,반스,225000,179990,20,0,,10,0,0,0.0,https://www.musinsa.com/products/4517577,https://image.msscdn.net/images/goods_img/20241015/4517577/4517577_17308604541872_500.jpg,233
202411290537,4371012,에어 포스 1 07 WB M - 플랙스:검 라이트 브라운:블랙:위트 / CJ9179-200,나이키,169000,169000,0,0,3800.0,265,0,1010,98.0,https://www.musinsa.com/products/4371012,https://image.msscdn.net/images/goods_img/20240826/4371012/4371012_17255868621694_500.jpg,234
202411290537,4223516,우먼즈 후디드 더플 패딩 파카 [카키 그레이],무신사 스탠다드 우먼,159900,143890,10,0,,100,0,8,92.0,https://www.musinsa.com/products/4223516,https://image.msscdn.net/images/goods_img/20240628/4223516/4223516_17314796662539_500.jpg,235
202411290537,4475303,여성 멜로즈 튜브 구스다운 경량 롱패딩 (BLACK),디스커버리 익스페디션,339000,237300,30,0,,21,0,0,0.0,https://www.musinsa.com/products/4475303,https://image.msscdn.net/images/goods_img/20240930/4475303/4475303_17285374536941_500.jpg,236
202411290537,4289728,TCM stripe hooded zip-up (charcoal/black),더콜디스트모먼트,119000,101150,15,0,3600.0,104,0,390,98.0,https://www.musinsa.com/products/4289728,https://image.msscdn.net/images/goods_img/20240801/4289728/4289728_17231062832659_500.jpg,237
202411290537,4517688,NS99Q53A 부띠 숏_BLACK,노스페이스,159000,143090,10,0,,128,0,2,100.0,https://www.musinsa.com/products/4517688,https://image.msscdn.net/images/goods_img/20241015/4517688/4517688_17289566139469_500.jpg,238
202411290537,4133706,4 스티치 키링 카드 홀더 - 블랙 / S56UI0128P4455T8013,메종 마르지엘라,478000,239000,50,0,,70,0,1,100.0,https://www.musinsa.com/products/4133706,https://image.msscdn.net/images/goods_img/20240516/4133706/4133706_17168836946473_500.jpg,239
202411290537,4440029,BIG TYPO HOODIE GREY,아메스 월드와이드,74000,51790,30,0,3200.0,122,0,208,96.0,https://www.musinsa.com/products/4440029,https://image.msscdn.net/images/goods_img/20240913/4440029/4440029_17302623518017_500.jpg,240
202411290537,4316096,사이드 슬릿 오버핏 스트라이프 셔츠 [ST.GBEIGE]_SESH008STGBEIGE,세컨모놀로그,65000,35800,45,0,,492,0,23,98.0,https://www.musinsa.com/products/4316096,https://image.msscdn.net/images/goods_img/20240809/4316096/4316096_17235446262364_500.jpg,241
202411290537,4502604,N - WINTER / COCOA,킨치,99000,74250,25,0,,125,0,34,98.0,https://www.musinsa.com/products/4502604,https://image.msscdn.net/images/goods_img/20241010/4502604/4502604_17289961818873_500.jpg,242
202411290537,4316839,Veneta Two Tuck Denim Pants [Vintage Black],비긴202,149000,111750,25,0,,23,0,75,100.0,https://www.musinsa.com/products/4316839,https://image.msscdn.net/images/goods_img/20240809/4316839/4316839_17231984044278_500.jpg,243
202411290537,4494168,TORAY DELFY 구스 다운 점퍼 GRAY,247시리즈,379000,341100,10,0,,24,0,9,100.0,https://www.musinsa.com/products/4494168,https://image.msscdn.net/images/goods_img/20241007/4494168/4494168_17286284268887_500.jpg,244
202411290537,4494211,TORAY DELFY 구스 다운 점퍼 BROWN,247시리즈,379000,341100,10,0,,35,0,10,100.0,https://www.musinsa.com/products/4494211,https://image.msscdn.net/images/goods_img/20241007/4494211/4494211_17319954972606_500.jpg,245
202411290537,4489845,VTG 쉐르파 데님 워크 자켓_Washed Black,라퍼지스토어,123000,67000,46,0,,282,0,26,98.0,https://www.musinsa.com/products/4489845,https://image.msscdn.net/images/goods_img/20241007/4489845/4489845_17285580278314_500.jpg,246
202411290537,4515825,BLUER TEAM HOODIE_12color,네이머클로딩,109000,43600,60,0,,105,0,8,92.0,https://www.musinsa.com/products/4515825,https://image.msscdn.net/images/goods_img/20241014/4515825/4515825_17325836957159_500.jpg,247
202411290537,4533425,Belted Down Jumper SD4XM492-21,루에브르,399000,339150,15,0,,13,0,0,0.0,https://www.musinsa.com/products/4533425,https://image.msscdn.net/images/goods_img/20241018/4533425/4533425_17292266236142_500.jpg,248
202411290537,4328687,헤어리 그래픽 로고 오버핏 자카드 니트 (CHARCOAL),트릴리온,52000,35700,31,0,1900.0,217,0,97,96.0,https://www.musinsa.com/products/4328687,https://image.msscdn.net/images/goods_img/20240814/4328687/4328687_17249553131953_500.jpg,249
202411290537,4439075,남성 코튼 스트레치 로우라이즈 트렁크 5PK (3Color),캘빈클라인 언더웨어,119000,59500,50,0,2700.0,152,0,34,98.0,https://www.musinsa.com/products/4439075,https://image.msscdn.net/images/goods_img/20240913/4439075/4439075_17261914041248_500.jpg,250
202411290537,4343744,베이비 알파카 스카프 - 로즈 / LM06206WA0022P628,메종 키츠네,395000,167990,57,0,,24,0,3,94.0,https://www.musinsa.com/products/4343744,https://image.msscdn.net/images/goods_img/20240819/4343744/4343744_17254118868301_500.jpg,251
202411290537,4252685,남성 EU 코튼 스트레치 3PK 로우 라이즈 트렁크 3PK_U2664001,캘빈클라인 언더웨어,85000,41500,51,0,2400.0,174,0,173,98.0,https://www.musinsa.com/products/4252685,https://image.msscdn.net/images/goods_img/20240716/4252685/4252685_17268081072943_500.jpg,252
202411290537,4280557,AECA LOVE DOODLE KNIT-NAVY,에이카화이트,99000,59400,40,0,,173,0,12,98.0,https://www.musinsa.com/products/4280557,https://image.msscdn.net/images/goods_img/20240729/4280557/4280557_17258614416436_500.jpg,253
202411290537,4308176,바이오워싱 와이드 카펜터 데님 팬츠_더스트블랙,디미트리블랙,44500,21900,51,0,4500.0,334,37,344,94.0,https://www.musinsa.com/products/4308176,https://image.msscdn.net/images/goods_img/20240808/4308176/4308176_17240914389114_500.jpg,254
202411290537,4241769,남녀공용 말모 메타 빈티지 스니커즈 YW01410 0LA,캘빈클라인 진,139000,58180,58,0,,12,0,8,100.0,https://www.musinsa.com/products/4241769,https://image.msscdn.net/images/goods_img/20240710/4241769/4241769_17213725128004_500.jpg,255
202411290537,4209299,데일리 발마칸 코트 [블랙],무신사 스탠다드,129900,110390,15,0,,70,0,61,98.0,https://www.musinsa.com/products/4209299,https://image.msscdn.net/images/goods_img/20240620/4209299/4209299_17260174440762_500.jpg,256
202411290537,4451107,Corduroy Puffer-Down Jumper Black,랭글러,199000,109450,45,0,,23,0,8,96.0,https://www.musinsa.com/products/4451107,https://image.msscdn.net/images/goods_img/20240923/4451107/4451107_17271663178836_500.jpg,257
202411290537,4494315,콤피 플리스 니트후드 코트_Poodle Beige,오로,147000,94000,36,0,,75,0,34,92.0,https://www.musinsa.com/products/4494315,https://image.msscdn.net/images/goods_img/20241007/4494315/4494315_17286302505430_500.jpg,258
202411290537,4503558,NS93Q77J 화이트라벨 보레알리스 뮬,노스페이스,119000,107090,10,0,,76,0,22,100.0,https://www.musinsa.com/products/4503558,https://image.msscdn.net/images/goods_img/20241010/4503558/4503558_17285422110586_500.jpg,259
202411290537,4414696,미니 포켓 백팩 - 스카이블루 / JL7654,아디다스,79000,39990,49,0,,99,0,7,90.0,https://www.musinsa.com/products/4414696,https://image.msscdn.net/images/goods_img/20240906/4414696/4414696_17258662589999_500.jpg,260
202411290537,4628632,"보툴샷 100 50ml x 2개 / 모공 타이트닝, 탄력 세럼",셀인샷,57800,38900,33,0,,41,0,0,0.0,https://www.musinsa.com/products/4628632,https://image.msscdn.net/images/goods_img/20241121/4628632/4628632_17326106630530_500.jpg,261
202411290537,4286964,NJ4FQ50J 화이트라벨 컴피 알파 플리스 집업_BLACK,노스페이스,108000,108000,0,0,4300.0,400,31,326,98.0,https://www.musinsa.com/products/4286964,https://image.msscdn.net/images/goods_img/20240731/4286964/4286964_17224152904342_500.jpg,262
202411290537,4280679,스킨 레이어 핏 파운데이션(+사은품 증정),어바웃톤,28000,17500,38,0,2000.0,168,71,295,96.0,https://www.musinsa.com/products/4280679,https://image.msscdn.net/images/goods_img/20240729/4280679/4280679_17324936249985_500.jpg,263
202411290537,4451016,듀마 퍼안감 방한 부츠 (7color) WTSDR4f219,착한구두,29900,17900,40,0,,147,44,22,96.0,https://www.musinsa.com/products/4451016,https://image.msscdn.net/images/goods_img/20240923/4451016/4451016_17276569230812_500.jpg,264
202411290537,4615417,울 발마칸 코트-블랙,토마스모어,327000,327000,0,0,,0,0,0,0.0,https://www.musinsa.com/products/4615417,https://image.msscdn.net/images/goods_img/20241114/4615417/4615417_17315704890591_500.jpg,265
202411290537,4247848,배기 스웻 팬츠 - 페이디드 블랙 / 787357TQVT81083,발렌시아가,1450000,652990,55,0,,0,0,0,0.0,https://www.musinsa.com/products/4247848,https://image.msscdn.net/images/goods_img/20240712/4247848/4247848_17229135489704_500.jpg,266
202411290537,4329700,자이언트핏 럭비 저지 롱 슬리브,에이치덱스,89000,53400,40,0,1700.0,195,0,92,98.0,https://www.musinsa.com/products/4329700,https://image.msscdn.net/images/goods_img/20240814/4329700/4329700_17316483308611_500.jpg,267
202411290537,4514674,워셔블 노르딕 자카드 카라넥 2WAY 집업 니트 [베이지],트릴리온,54000,29900,45,0,,436,0,23,98.0,https://www.musinsa.com/products/4514674,https://image.msscdn.net/images/goods_img/20241014/4514674/4514674_17296759641518_500.jpg,268
202411290537,4265248,그래피티 로고 후드티_네이비,어나더 아카이브,49800,28800,42,0,4400.0,204,0,318,96.0,https://www.musinsa.com/products/4265248,https://image.msscdn.net/images/goods_img/20240722/4265248/4265248_17243380383879_500.jpg,269
202411290537,4540912,V2K 런 GTX W - 블랙:아이언 그레이:미디엄 애쉬 / FZ2622-001,나이키,159000,159000,0,0,,75,0,32,86.0,https://www.musinsa.com/products/4540912,https://image.msscdn.net/images/goods_img/20241021/4540912/4540912_17304284820900_500.jpg,270
202411290537,4312090,세터 아플리케 리벳 후드 버건디,세터,149000,89400,40,0,,97,0,15,98.0,https://www.musinsa.com/products/4312090,https://image.msscdn.net/images/goods_img/20240808/4312090/4312090_17255067587577_500.jpg,271
202411290537,4465098,어덜트 클래식 클리어 부츠 아이보리,오즈어그웨어,149000,126650,15,0,,70,0,3,94.0,https://www.musinsa.com/products/4465098,https://image.msscdn.net/images/goods_img/20240926/4465098/4465098_17273076067873_500.jpg,272
202411290537,4287132,NJ1DQ80C 여성 1996 레트로 눕시 자켓_GRAYISH LILAC,노스페이스,399000,319200,20,0,,16,0,2,100.0,https://www.musinsa.com/products/4287132,https://image.msscdn.net/images/goods_img/20240731/4287132/4287132_17224168633196_500.jpg,273
202411290537,4553393,롱패딩 OO4WE803,게스,259000,129000,50,0,,166,0,13,98.0,https://www.musinsa.com/products/4553393,https://image.msscdn.net/images/goods_img/20241024/4553393/4553393_17297483141275_500.jpg,274
202411290537,4336570,딥 워싱 와이드 데님 팬츠 (WASHED BLACK),엑스컨테이너,55000,27500,50,0,2400.0,367,36,64,96.0,https://www.musinsa.com/products/4336570,https://image.msscdn.net/images/goods_img/20240816/4336570/4336570_17243097432006_500.jpg,275
202411290537,4445975,나그랑 크루넥 코튼 스웨터 컬렉션,건지 울른스,138000,103500,25,0,,154,0,90,98.0,https://www.musinsa.com/products/4445975,https://image.msscdn.net/images/goods_img/20240919/4445975/4445975_17267377948932_500.jpg,276
202411290537,4368558,폴라 플리스 래글런 하이넥 재킷 [블랙],무신사 스탠다드,39900,27890,30,0,,120,0,28,100.0,https://www.musinsa.com/products/4368558,https://image.msscdn.net/images/goods_img/20240826/4368558/4368558_17320814634533_500.jpg,277
202411290537,4599104,푸퍼 자켓 패딩 - 블랙 / NW02202WQ4031P199,메종 키츠네,1150000,619990,46,0,,12,0,0,0.0,https://www.musinsa.com/products/4599104,https://image.msscdn.net/images/goods_img/20241108/4599104/4599104_17320842825275_500.jpg,278
202411290537,4290697,Hooded Half Coat [Gray],타입서비스,258000,206400,20,0,,84,0,68,98.0,https://www.musinsa.com/products/4290697,https://image.msscdn.net/images/goods_img/20240801/4290697/4290697_17237763745159_500.jpg,279
202411290537,4522149,부클 하프 울 코트_2Color,오로,218000,119900,45,0,,351,0,4,100.0,https://www.musinsa.com/products/4522149,https://image.msscdn.net/images/goods_img/20241016/4522149/4522149_17292131526641_500.jpg,280
202411290537,4554409,Black Down Puffer Jacket CQUAW24811BKX,커스텀멜로우,379000,303200,20,0,,57,0,1,100.0,https://www.musinsa.com/products/4554409,https://image.msscdn.net/images/goods_img/20241024/4554409/4554409_17304305146698_500.jpg,281
202411290537,4388024,[패션플래닛X더니트컴퍼니] 워셔블 코튼 크루넥 니트 12color,더니트컴퍼니,57000,39900,30,0,18000.0,287,40,2596,98.0,https://www.musinsa.com/products/4388024,https://image.msscdn.net/images/goods_img/20240830/4388024/4388024_17258834972522_500.jpg,282
202411290537,4384286,스웨이드 토글 무스탕 베스트_3Color,오로,114000,59800,48,0,,266,0,48,96.0,https://www.musinsa.com/products/4384286,https://image.msscdn.net/images/goods_img/20240829/4384286/4384286_17261062850998_500.jpg,283
202411290537,4407148,울 블렌드 오버핏 싱글 코트 [블랙],리메인세컨드,95000,56900,40,0,,135,0,120,100.0,https://www.musinsa.com/products/4407148,https://image.msscdn.net/images/goods_img/20240905/4407148/4407148_17320648233286_500.jpg,284
202411290537,4444914,베아 크롭 가디건 - 브라운 / 1803002UY0006D401,비비안 웨스트우드,730000,299990,59,0,,20,0,3,100.0,https://www.musinsa.com/products/4444914,https://image.msscdn.net/images/goods_img/20240919/4444914/4444914_17278379292961_500.jpg,285
202411290537,4538265,폴로 랄프 로렌 양키스 후디-그레이,폴로 랄프 로렌,299000,299000,0,0,,18,0,1,100.0,https://www.musinsa.com/products/4538265,https://image.msscdn.net/images/goods_img/20241021/4538265/4538265_17302747014100_500.jpg,286
202411290537,4467660,하이브리드 에어 쿠션 패딩 베스트 - 블랙,에프씨엠엠,89000,28900,68,1,,17,0,13,98.0,https://www.musinsa.com/products/4467660,https://image.msscdn.net/images/goods_img/20240926/4467660/4467660_17273335358337_500.jpg,287
202411290537,4280404,NUBES LIGHT DUCK DOWN - GLOSSY BLACK,노매뉴얼,199000,159200,20,0,,329,0,46,98.0,https://www.musinsa.com/products/4280404,https://image.msscdn.net/images/goods_img/20240729/4280404/4280404_17231670874410_500.jpg,288
202411290537,4489868,윈드셀 하이넥 푸퍼 패딩_5COLOR,라퍼지스토어,123000,64900,47,0,1000.0,211,0,76,94.0,https://www.musinsa.com/products/4489868,https://image.msscdn.net/images/goods_img/20241007/4489868/4489868_17308715154103_500.jpg,289
202411290537,4438679,윈터 퍼그 숏부츠 [블랙],무신사 스탠다드,99900,64890,35,0,,87,0,0,0.0,https://www.musinsa.com/products/4438679,https://image.msscdn.net/images/goods_img/20240913/4438679/4438679_17320086087779_500.jpg,290
202411290537,4341105,토이 루루 숄더백 - 블랙:골드 / 678401DV7071000,생로랑,2350000,1677990,29,0,,42,0,2,90.0,https://www.musinsa.com/products/4341105,https://image.msscdn.net/images/goods_img/20240819/4341105/4341105_17249064882689_500.jpg,291
202411290537,4442100,TERRY PK LONG SLEEVE (CHARCOAL),글로니,108000,97200,10,0,,83,0,65,98.0,https://www.musinsa.com/products/4442100,https://image.msscdn.net/images/goods_img/20240919/4442100/4442100_17266721487140_500.jpg,292
202411290537,4562697,NBXDFA501M / MEN 코어 모달  드로즈 블랙 5PACK,뉴발란스,49900,29940,40,0,4900.0,161,31,40,98.0,https://www.musinsa.com/products/4562697,https://image.msscdn.net/images/goods_img/20241028/4562697/4562697_17307795128080_500.jpg,293
202411290537,4626182,X TC 크로스 스티치 아이젠하워 재킷  - Black,디키즈,636000,636000,0,0,,53,0,0,0.0,https://www.musinsa.com/products/4626182,https://image.msscdn.net/images/goods_img/20241120/4626182/4626182_17321735115085_500.jpg,294
202411290537,4489823,BB 트랙탑 - 다크브라운 / JD5267,아디다스,139000,96990,30,0,2000.0,66,0,261,98.0,https://www.musinsa.com/products/4489823,https://image.msscdn.net/images/goods_img/20241007/4489823/4489823_17286322311702_500.jpg,295
202411290537,4405632,부클 빅 트위치 로고 니트 라이트 그레이,리,109000,81750,25,0,,130,0,52,98.0,https://www.musinsa.com/products/4405632,https://image.msscdn.net/images/goods_img/20240904/4405632/4405632_17297327820110_500.jpg,296
